974118858
815643062
973481592
979 669 267
988542881
988542881
974 146 290
996022382
973810545
874 001 392
990943478
990 943 478
990 943 478
990 943 478
990 943 478
990 943 478
990 943 478
990 943 478
990 943 478
990 943 478
990 943 478
990 943 478
990 943 478
990 943 478
990 943 478
990943478
990943478
990 943 478
990 943 478
990943478
990943478
986584617
986584617
986584617
986584617
993 866 644
974836025
971 945 885
914934109
973068032
"974183927
974 208 849
998 494 079
"973168916
F816682002
979115768
879 506 662
972240575
990779694
972240575
983628850
972240575
972240575
971772360
974292408
973101463 
974292408
972 310 603
973131532
974082691 
973595164
993182176
973118900
993992976
993992976
973102648
995201127
972275751
898852822
972061492
898 852 822
973 166 409
980 773 507
998 012 686
998012686
998 012 686
99 801 286
998 012 686
998012686
998 012 686
998 012 686
998 012 686
998 012 686
998 012 686
998 012 686
998 012 686
998 012 686
998 012 686
998 012 686
998 012 686
972215694
972215694
972215694
972215694
972222356
991655484
991655484
974076713
996 773 434
973 122 215
973150278
972023523
971746041
913 075 714
913 075 714
913 075 714
913 075 714
913 075 714
913 075 714
872383352
994 821 342
984 673 957
871 602 182
914 907 500
972027898
984 590 008
920191711
971 966 254
913 830 881
984 835 906
984 835 906
971742771
914 468 957
926 350 722
874202312
913244788
974282593
87 893 942
873125632
971945117
871 740 402
975037711
973092960
974289644
974289644
974 289 644
973083481
973 166 867
973142895
991 235 507
990 664 080
971600896 
987181958
979723040
973 157 841
995 652 463
872 092 242
992 557 028
976 711 971
973645617
974309742
974309742
974309742
974309742
974309742
974309742
974309742
974309742
974309742
974309742
995252465
995252457
974309742
974309742
974309742
995252562
995252449
912784886
974309742
995252694
974309742
974309742
974309742
974 309 742
974309742
974309742
974309742
974309742
912784894
995252481
912784908
911 161 230
997 412 958
877 175 502
973 329 146
971679832
914 931 363
914 931 363
994442147
971745517 
974099381
981076664
974118068
971893400
916 941 552
916 421 699
973104098
989909193
971762586
981313259
920644962
874312312
973171984
973153641
974833972
974833972
916239750
891156022
973103083
973102982 
973102982 
917019967
917019967
917019967
917019967
917019967
917019967
980540464
980540464
980540464
973 190 598
974329247
988 860 069
871 780 722
984123507 
971 868 090
973082477
973082477
920868231
974288672
974631032