813676362
871685762
873137932
873171812
874285072
875859072
879625122
884191742
890286852
893247092
898852822
913462289
913863860
919112204
921170572
925065439
971606592
971681489
971681497
971744391
971778695
971821434
972021997
972095605
972215694
972275751
972319775
972593346
973062611
973080253
973083481
973095331
973101412
973101862
973102699
973102834
973102869
973103040
973103067
973108050
973108069
973152424
973166395
973184644
973493639
974074966
974082691
974090368
974100169
974114011
974150565
974282623
974285150
974286599
974296586
974305461
974825090
974836009
975005755
975012301
975108155
976169409
976301870
976711971
976849965
979386001
980568652
980616444
981313259
981524403
982191564
986584617
987511036
988542881
988853585
988860069
990943478
991655484
993222399
993222410
996773434
998012686
974168391
986769919
